$`D241|class`
   PARENT_VAL                                               CIM
1:          1 -0.0766020239,5.47467357,0.0766020239,-5.47467357
2:          2     -0.151763189,7.1673998,0.151763189,-7.1673998
3:          3   -0.820078001,14.2055318,0.820078001,-14.2055318
4:          4   -0.971701277,16.0086685,0.971701277,-16.0086685
5:          5       -0.87644633,15.159103,0.87644633,-15.159103
6:          6   -0.386087860,10.0714106,0.386087860,-10.0714106

$`D781|D981,D241`
   PARENT_VAL                                                 CIM
1:        0|0       -1.81448614,9.02357221,1.81448614,-9.02357221
2:        0|1   -0.225904350,0.948588530,0.225904350,-0.948588530
3:        1|0     -0.731964335,2.58470366,0.731964335,-2.58470366
4:        1|1 -0.0930005463,0.301971442,0.0930005463,-0.301971442

$`D782|class,D981`
    PARENT_VAL                                               CIM
 1:        1|0 -0.0655421796,3.36724850,0.0655421796,-3.36724850
 2:        1|1 -0.0197691946,0.83306632,0.0197691946,-0.83306632
 3:        2|0       -0.183520094,4.982441,0.183520094,-4.982441
 4:        2|1 -0.0298500037,1.18543607,0.0298500037,-1.18543607
 5:        3|0     -1.45297330,9.04382156,1.45297330,-9.04382156
 6:        3|1     -0.61806341,2.65225621,0.61806341,-2.65225621
 7:        4|0       -1.8246217,9.63052480,1.8246217,-9.63052480
 8:        4|1     -0.830199562,3.2070790,0.830199562,-3.2070790
 9:        5|0     -2.05905337,9.58988956,2.05905337,-9.58988956
10:        5|1   -0.772843469,2.79867559,0.772843469,-2.79867559
11:        6|0     -0.91721347,6.46482076,0.91721347,-6.46482076
12:        6|1   -0.160812595,1.04989552,0.160812595,-1.04989552
