$`D241|class`
   PARENT_VAL                                 T              MM
1:          1        14712.405,206.405000000052   0,1130,1127,0
2:          2  7327.20499999996,155.70500000003   0,1116,1112,0
3:          3        14126.705,815.105000000082 0,11579,11585,0
4:          4 21124.8050000008,1282.80499999921 0,20536,20527,0
5:          5 14127.5050000008,816.604999999242 0,12379,12382,0
6:          6 10943.1050000006,419.404999999296   0,4224,4225,0
$`D781|D981,D241`
   PARENT_VAL                                 T                MM
1:        0|0        60540.005,12220.1050000016 0,110269,109849,0
2:        0|1 2558.60499999829,591.404999999786       0,561,578,0
3:        1|0 7482.60500000092,2119.00499999965     0,5477,5477,0
4:        1|1 430.104999999902,115.904999999929         0,35,40,0

$`D782|class,D981`
    PARENT_VAL                                 T              MM
 1:        1|0        14021.505,274.704999999976     0,925,919,0
 2:        1|1 607.005000000023,15.6050000000035       0,13,12,0
 3:        2|0 7018.30499999982,257.705000000139   0,1284,1288,0
 4:        2|1 201.005000000015,5.90500000001237         0,7,6,0
 5:        3|0 10760.0049999994,1717.30500000055 0,15531,15634,0
 6:        3|1 1991.70500000027,472.804999999901   0,1254,1231,0
 7:        4|0 15555.0049999997,2966.50500000079 0,28569,28382,0
 8:        4|1 3086.00499999953,800.104999999962   0,2566,2562,0
 9:        5|0 10448.0049999985,2236.10500000137 0,21444,21513,0
10:        5|1 1766.20500000029,493.804999999901   0,1382,1365,0
11:        6|0  9333.7049999995,1321.30499999987   0,8542,8561,0
12:        6|1 609.405000000562,98.1049999999331      0,103,98,0
