$`D241|class`
   PARENT_VAL                                 T              MM
1:          1        14712.405,206.405000000052   0,1130,1127,0
2:          2  7327.20499999996,155.70500000003   0,1116,1112,0
3:          3        14126.705,815.105000000082 0,11579,11585,0
4:          4 21124.8050000008,1282.80499999921 0,20536,20527,0
5:          5 14127.5050000008,816.604999999242 0,12379,12382,0
6:          6 10943.1050000006,419.404999999296   0,4224,4225,0

$`D781|class`
   PARENT_VAL                                 T              MM
1:          1        14246.905,671.904999999989   0,2562,2571,0
2:          2 6867.80499999994,615.105000000049   0,3239,3236,0
3:          3 11750.3050000001,3191.50500000003 0,36858,36870,0
4:          4        17491.705,4915.90500000003 0,63441,63467,0
5:          5 11409.0050000003,3535.10499999977 0,42700,42668,0
6:          6  9245.6049999988,2116.90500000107 0,14291,14280,0

$`D782|class`
   PARENT_VAL                                 T              MM
1:          1         14628.505,290.30499999998   0,1018,1024,0
2:          2 7219.30499999984,263.605000000151   0,1338,1335,0
3:          3 12751.7049999997,2190.10500000045 0,23599,23601,0
4:          4 18641.0049999993,3766.60500000076 0,43463,43465,0
5:          5 12214.2049999988,2729.90500000127 0,30061,30055,0
6:          6 9943.10500000006,1419.40499999981   0,9529,9534,0
