$`D241|D911,D191,D641`
   PARENT_VAL                                 T              MM
1:      0|0|0 58447.5050000026,2406.80499999877 0,21594,21544,0
2:      0|0|1  4561.4049999992,237.904999999637     0,760,726,0
3:      0|1|0  1586.1050000002,57.4050000001183     0,133,134,0
4:      0|1|1 249.605000000317,5.00500000000728         0,6,3,0
5:      1|0|0 15379.2050000001,881.904999999659   0,5078,4960,0
6:      1|0|1 1725.80499999955,89.6049999997475     0,198,207,0
7:      1|1|0 340.005000000116,16.3049999999629       0,26,25,0
8:      1|1|1 72.1050000000749,1.10500000000582         0,4,2,0
