$priors
        1         2         3         4         5         6
0.1712963 0.1273148 0.1689815 0.2129630 0.1712963 0.1481481

$params
$params$`D1091|class,D912`
    PARENT_VAL T_PARAM                               Q_PARAM
 1:        1|0 0,1,1,0 0.000274817667065954,1.59680638722439
 2:        1|1 0,1,1,0               0.00307309352960158,200
 3:        2|0 0,1,1,0  0.000793975840638463,1.3620885357555
 4:        2|1 0,1,1,0                0.0270233752195596,200
 5:        3|0 0,1,1,0               0.00011601863491314,200
 6:        3|1 0,1,1,0  0.000486538690773037,1.5748031496051
 7:        4|0 0,1,1,0 0.000178386617911624,0.88105726872209
 8:        4|1 0,1,1,0 0.000539868865852468,1.75953079179186
 9:        5|0 0,1,1,0  0.00027390744028475,2.13523131673482
10:        5|1 0,1,1,0 0.000236272284906581,1.65289256196757
11:        6|0 0,1,1,0  0.000461610987726345,1.1747430249653
12:        6|1 0,1,1,0              0.000451018286536413,200

$params$`D1092|class,D1091`
    PARENT_VAL T_PARAM                                  Q_PARAM
 1:        1|0 0,1,1,0    0.000134413073553186,1.99004975124378
 2:        1|1 0,1,1,0                    0.399201596806097,200
 3:        2|0 0,1,1,0    0.000526967218028076,1.21028744326671
 4:        2|1 0,1,1,0                     0.22701475595925,200
 5:        3|0 0,1,1,0 0.000207123602045138,0.00995999402400356
 6:        3|1 0,1,1,0                    0.524934383201699,200
 7:        4|0 0,1,1,0    0.000134090168039564,2.29885057472033
 8:        4|1 0,1,1,0                    0.195886385896236,200
 9:        5|0 0,1,1,0     0.000197580234863625,2.2988505746947
10:        5|1 0,1,1,0                    0.498753117206983,200
11:        6|0 0,1,1,0    0.000275702225054808,2.48962655602261
12:        6|1 0,1,1,0                    0.293685756241324,200

$params$`D1110|class,D5098`
    PARENT_VAL T_PARAM                                Q_PARAM
 1:        1|0 0,1,1,0  0.000270069451735382,1.59680638722526
 2:        1|1 0,1,1,0                 0.0143874541399895,200
 3:        2|0 0,1,1,0 0.000796072179864548,0.125772979771525
 4:        2|1 0,1,1,0                 0.0735023888276251,200
 5:        3|0 0,1,1,0   0.00122835988160248,1.14707087259313
 6:        3|1 0,1,1,0   0.00156213082455124,1.66389351081531
 7:        4|0 0,1,1,0  0.000260353866466456,1.78253119429405
 8:        4|1 0,1,1,0   0.00085643262979771,0.84447572132232
 9:        5|0 0,1,1,0 0.000832569758938669,0.145855279150753
10:        5|1 0,1,1,0 0.000927771805246809,0.998751560547499
11:        6|0 0,1,1,0  0.000292531523928345,1.49625935162095
12:        6|1 0,1,1,0                0.00159082412643894,200

[...]
